0	0	3080.94
0	250	3014.6
0	500	2986.73
0	750	2954.19
0	1000	2939.94
0	1250	3004.36
0	1500	3016.67
0	1750	3181.48
0	2000	3216.42
0	2250	3113.68
0	2500	3101.91
0	2750	3163.76
0	3000	3230.12
0	3250	3181.04
0	3500	3299.61
0	3750	3410.26
0	4000	3524.48
0	4250	3595.65
0	4500	3648.69
0	4750	3795.43
0	5000	3908.86
0	5250	4112.6
0	5500	4269.18
0	5750	4462.61
0	6000	4692.77
0	6250	5082.74
0	6500	5342.28
0	6750	5727.46
0	7000	6152.25
0	7250	6749.43
0	7500	7361.27
0	7750	8077.73
0	8000	9029.79
0	8250	10129.1
0	8500	11405.4
0	8750	12960.6
0	9000	14955.6
0	9250	17240.2
0	9500	20138.1
0	9750	23586.7
0	10000	27736.6
0	10250	33409.4
0	10500	39926.9
0	10750	48882.9
0	11000	58952.6
0	11250	68469.5
0	11500	74785.2
0	11750	79132.6
0	12000	83798.2
0	12250	88373.9
0	12500	92941
0	12750	98511.5
0	13000	103370
0	13250	106156
0	13500	105756
0	13750	103892
0	14000	101625
0	14250	99620.8
0	14500	99329.6
0	14750	100034
0	15000	101703
0	15250	104520
0	15500	107588
0	15750	109131
0	16000	108474
0	16250	105979
0	16500	102442
0	16750	99740.1
0	17000	98920.8
0	17250	98719.2
0	17500	99030.9
0	17750	100767
0	18000	102850
0	18250	103850
0	18500	102833
0	18750	99990.1
0	19000	96419.4
0	19250	92962
0	19500	90792.9
0	19750	88838.2
0	20000	87081
0	20250	86715.4
0	20500	87792.9
0	20750	88797.9
0	21000	91005.2
0	21250	91852.5
0	21500	90227.2
0	21750	89195.6
0	22000	90149.3
0	22250	89497.3
0	22500	90386.7
0	22750	92204.1
0	23000	93765.6
0	23250	93889.5
0	23500	92879.7
0	23750	90144.3
0	24000	87314.3
0	24250	85881.3
0	24500	85163.5
0	24750	84975
0	25000	85570.3
0	25250	87220.1
0	25500	88263.3
0	25750	88352.7
0	26000	86737.7
0	26250	85198.5
0	26500	82775.6
0	26750	80957
0	27000	80384
0	27250	79971.7
0	27500	80597
0	27750	81824
0	28000	83612.6
0	28250	83063.9
0	28500	81051.5
0	28750	77815.5
0	29000	74087.1
0	29250	71894.6
0	29500	71733.5
0	29750	72016.3
0	30000	73529.8
0	30250	75653.1
0	30500	78407
0	30750	79735
0	31000	79465.8
0	31250	78646
0	31500	76906.9
0	31750	76062.8
0	32000	75951.2
0	32250	76073.8
0	32500	76835.2
0	32750	77616.8
0	33000	79764
0	33250	80538.9
0	33500	80566
0	33750	79729.2
0	34000	78167.8
0	34250	77642.1
0	34500	81709.6
0	34750	77795.6
0	35000	78466.7
0	35250	79829.4
0	35500	80829
0	35750	80568
0	36000	79183.6
0	36250	76378.6
0	36500	73749.1
0	36750	72104.7
0	37000	72433.2
0	37250	73418.4
0	37500	75234.2
0	37750	77337.1
0	38000	78897.3
0	38250	79670.4
0	38500	78865.8
0	38750	77180
0	39000	74963.6
0	39250	73088
0	39500	71720
0	39750	70486.7
0	40000	69005.5
0	40250	66902.7
0	40500	65100.1
0	40750	64874.3
0	41000	65011.8
0	41250	63224.1
0	41500	60209.2
0	41750	57297.4
0	42000	54790.3
0	42250	52301.1
0	42500	51642.3
0	42750	53587.1
0	43000	56518.3
0	43250	58743.5
0	43500	59351.1
0	43750	59493.9
0	44000	59718.6
0	44250	60602.1
0	44500	64236.1
0	44750	66879.5
0	45000	68994.5
0	45250	71948.1
0	45500	74188.9
0	45750	75408.3
0	46000	75117.4
0	46250	73343.1
0	46500	72040.5
0	46750	70622.5
0	47000	70214.8
0	47250	70052.9
0	47500	70649.6
0	47750	72025.8
0	48000	73312
0	48250	73305.3
0	48500	72686.8
0	48750	70765.7
0	49000	69317
0	49250	68608.7
0	49500	68077.6
0	49750	68557.4
0	50000	69058.1
0	50250	70104.2
0	50500	70818.7
0	50750	70625.4
0	51000	68847.3
0	51250	64541.9
0	51500	60445.6
0	51750	60168.9
0	52000	61274
0	52250	62310.4
0	52500	64149.9
0	52750	67018
0	53000	67647
0	53250	69215.6
0	53500	68655.8
0	53750	67004.7
0	54000	66577.1
0	54250	65775
0	54500	65912
0	54750	65874.3
0	55000	66170.1
0	55250	67142.8
0	55500	68259.1
0	55750	68612.2
0	56000	67756.5
0	56250	65222.4
0	56500	63123.8
0	56750	60738.8
0	57000	59663
0	57250	58149.4
0	57500	56326.2
0	57750	56478.5
0	58000	55716.3
0	58250	53380.2
0	58500	51619.9
0	58750	48911.1
0	59000	46392.8
0	59250	45216.2
0	59500	44445.6
0	59750	42943.9
0	60000	40912.1
0	60250	38674.9
0	60500	34875.7
0	60750	29593.2
0	61000	24234.3
0	61250	19945.2
0	61500	16238.8
0	61750	13694.6
0	62000	11508.6
0	62250	10096.1
0	62500	8826.75
0	62750	7858.48
0	63000	7052.16
0	63250	6412.21
0	63500	5866.17
0	63750	5385.62
0	64000	5109.31
0	64250	4691.71
0	64500	4541.17
0	64750	4082.83
0	65000	4063.64
0	65250	3902.92
0	65500	3803.99
0	65750	3653.7
0	66000	3650.29
0	66250	3551.95
0	66500	2780.42
0	66750	3336.28
0	67000	3391.74
0	67250	3408.41
0	67500	3301.11
0	67750	3298.65
0	68000	3387.63
0	68250	3262.97
0	68500	3266.85
0	68750	2514.85
0	69000	3260.61
0	69250	3213.28
0	69500	3176.5
0	69750	3147.72
0	70000	3135.53
0	70250	3142.18
0	70500	3129.34
0	70750	3175.38
0	71000	3183.77
0	71250	3101.4
0	71500	3185.44
0	71750	3141.26
0	72000	3077.73
0	72250	3103.27
0	72500	3088.38
0	72750	3060
0	73000	3123.23
0	73250	2495.76
0	73500	3053.12
0	73750	2901.49
0	74000	3016.91
4000	0	3340.07
4000	250	3177.8
4000	500	3207.41
4000	750	3224.22
4000	1000	3191.05
4000	1250	3335.2
4000	1500	3368.57
4000	1750	3346.82
4000	2000	3332.76
4000	2250	3448.21
4000	2500	3472.34
4000	2750	3451.43
4000	3000	3531.32
4000	3250	3605.75
4000	3500	3719.88
4000	3750	3648.98
4000	4000	3881.52
4000	4250	3796.58
4000	4500	3977.79
4000	4750	4132.83
4000	5000	4188.79
4000	5250	4463.46
4000	5500	4621.55
4000	5750	4957.13
4000	6000	5150.82
4000	6250	5457.1
4000	6500	5281.57
4000	6750	6146.97
4000	7000	6514.98
4000	7250	7148.78
4000	7500	7682.22
4000	7750	8480.94
4000	8000	9285.1
4000	8250	10299.2
4000	8500	11657.3
4000	8750	13205
4000	9000	15271.7
4000	9250	17473.7
4000	9500	20444.9
4000	9750	23705.4
4000	10000	27945.1
4000	10250	32960.7
4000	10500	39819.3
4000	10750	48361.5
4000	11000	58226.2
4000	11250	66807.4
4000	11500	73013.6
4000	11750	76580.4
4000	12000	80427.1
4000	12250	84844.4
4000	12500	89357
4000	12750	94868.9
4000	13000	100016
4000	13250	103251
4000	13500	103372
4000	13750	101136
4000	14000	97844.2
4000	14250	94873
4000	14500	94561.3
4000	14750	94012.3
4000	15000	94111
4000	15250	95569.5
4000	15500	97804.6
4000	15750	98540.2
4000	16000	96732.7
4000	16250	93737.9
4000	16500	90771.9
4000	16750	88129.6
4000	17000	89640.1
4000	17250	90164.6
4000	17500	92527.5
4000	17750	95740.5
4000	18000	99999.1
4000	18250	101830
4000	18500	100286
4000	18750	98923
4000	19000	96066
4000	19250	92795.1
4000	19500	92364.8
4000	19750	91822.8
4000	20000	91973.4
4000	20250	95184.6
4000	20500	97287.7
4000	20750	98011.6
4000	21000	96308.1
4000	21250	94229.7
4000	21500	90947.4
4000	21750	88859.1
4000	22000	88278
4000	22250	88654.8
4000	22500	89485.1
4000	22750	91769.7
4000	23000	93642.9
4000	23250	94012.5
4000	23500	92637.3
4000	23750	91115.5
4000	24000	87700.5
4000	24250	85674.5
4000	24500	84255.3
4000	24750	81900.9
4000	25000	81658.1
4000	25250	81729.1
4000	25500	81896.8
4000	25750	80945.5
4000	26000	79143
4000	26250	75430.4
4000	26500	72457.8
4000	26750	68819.3
4000	27000	65645.7
4000	27250	65266.1
4000	27500	64948.2
4000	27750	66716.3
4000	28000	69480.3
4000	28250	70284.6
4000	28500	71558.8
4000	28750	71648.5
4000	29000	71561.7
4000	29250	71251.1
4000	29500	71566.8
4000	29750	73539.6
4000	30000	74683.6
4000	30250	77524.2
4000	30500	79603.2
4000	30750	80459.1
4000	31000	79880.1
4000	31250	77886.3
4000	31500	76621.6
4000	31750	75032.6
4000	32000	75991.1
4000	32250	76019.9
4000	32500	77395
4000	32750	78694.8
4000	33000	80565.6
4000	33250	81557.7
4000	33500	81261.5
4000	33750	79813.5
4000	34000	77818.6
4000	34250	76808.1
4000	34500	76258.5
4000	34750	75883.7
4000	35000	76397.2
4000	35250	77177.4
4000	35500	78476.6
4000	35750	77992
4000	36000	76513.4
4000	36250	72842
4000	36500	70059.1
4000	36750	67275.5
4000	37000	65090.5
4000	37250	62562.9
4000	37500	59974.7
4000	37750	57277.3
4000	38000	53631.2
4000	38250	48822.3
4000	38500	44190
4000	38750	41806.1
4000	39000	40149.9
4000	39250	38893.1
4000	39500	37930
4000	39750	37024.2
4000	40000	37024.9
4000	40250	37404.5
4000	40500	43643.4
4000	40750	48432.2
4000	41000	50348.8
4000	41250	50690.2
4000	41500	50745.7
4000	41750	49009.1
4000	42000	49173.8
4000	42250	48265.6
4000	42500	47491.5
4000	42750	48143
4000	43000	52620.1
4000	43250	54915
4000	43500	56224.4
4000	43750	56412.3
4000	44000	56120.9
4000	44250	55468.5
4000	44500	55651.2
4000	44750	56688.6
4000	45000	60604.8
4000	45250	65485.4
4000	45500	68713
4000	45750	69925.9
4000	46000	70639.6
4000	46250	70803.8
4000	46500	70222.2
4000	46750	69854.4
4000	47000	70617.6
4000	47250	71020.3
4000	47500	71873.6
4000	47750	73022
4000	48000	73365.1
4000	48250	73083.9
4000	48500	72259.4
4000	48750	70554.7
4000	49000	69832.5
4000	49250	68117.5
4000	49500	68343.9
4000	49750	66857.5
4000	50000	66702.6
4000	50250	66790.3
4000	50500	65838.1
4000	50750	63760.9
4000	51000	58332.8
4000	51250	51124.1
4000	51500	43641.5
4000	51750	36642.7
4000	52000	33243
4000	52250	34525.6
4000	52500	37939.6
4000	52750	43691
4000	53000	48343.9
4000	53250	52395.3
4000	53500	54422.6
4000	53750	53982.9
4000	54000	54159.2
4000	54250	54338.6
4000	54500	55681.5
4000	54750	57741.8
4000	55000	59950.5
4000	55250	62163.9
4000	55500	63510.6
4000	55750	64331.4
4000	56000	64552.9
4000	56250	62877.4
4000	56500	61541.6
4000	56750	60062
4000	57000	59487.1
4000	57250	58523.2
4000	57500	58944.4
4000	57750	60316.2
4000	58000	60953.6
4000	58250	60407.4
4000	58500	58540.2
4000	58750	55441.9
4000	59000	52219.2
4000	59250	49461.2
4000	59500	46051.9
4000	59750	42652.5
4000	60000	39425.7
4000	60250	36685.3
4000	60500	31945.9
4000	60750	26222.1
4000	61000	20804
4000	61250	16502
4000	61500	14007.6
4000	61750	10907.9
4000	62000	9771.43
4000	62250	7890.8
4000	62500	6891.6
4000	62750	6120.31
4000	63000	6257.56
4000	63250	5118.91
4000	63500	4674.04
4000	63750	4939.52
4000	64000	4019.45
4000	64250	4428.71
4000	64500	4273.89
4000	64750	3497.61
4000	65000	3972.12
4000	65250	3933.8
4000	65500	3282.99
4000	65750	3059.47
4000	66000	3038.08
4000	66250	3689.93
4000	66500	2923.57
4000	66750	3489.34
4000	67000	2882.29
4000	67250	2826.02
4000	67500	3446.06
4000	67750	2826.48
4000	68000	3348.42
4000	68250	3321.58
4000	68500	3249.67
4000	68750	3260.84
4000	69000	3196.95
4000	69250	3334.65
4000	69500	3330.96
4000	69750	3256.7
4000	70000	3259.45
4000	70250	3302.42
4000	70500	3251.51
4000	70750	3170.01
4000	71000	3183.21
4000	71250	3267.54
4000	71500	3220.16
4000	71750	2514.62
4000	72000	2572.12
4000	72250	3138.16
4000	72500	3214.83
4000	72750	3240.81
4000	73000	3149.72
4000	73250	3163.44
4000	73500	3054.44
4000	73750	3128.62
4000	74000	3090.99
8000	0	3415.13
8000	250	3384.62
8000	500	3430.71
8000	750	3391.63
8000	1000	3382.56
8000	1250	3525.34
8000	1500	2937.22
8000	1750	3555.89
8000	2000	3498.81
8000	2250	2945.94
8000	2500	3598.13
8000	2750	3605.04
8000	3000	3663.68
8000	3250	3671.05
8000	3500	3252.23
8000	3750	3927.91
8000	4000	3939.01
8000	4250	3258.13
8000	4500	4149.43
8000	4750	4219.26
8000	5000	4450.94
8000	5250	4558.42
8000	5500	4165.57
8000	5750	5090.16
8000	6000	4632.05
8000	6250	5572.01
8000	6500	5180.1
8000	6750	5647.18
8000	7000	5999.79
8000	7250	7175.02
8000	7500	7087.02
8000	7750	8288.15
8000	8000	9041.89
8000	8250	10032.5
8000	8500	10379.8
8000	8750	11820.5
8000	9000	13379.7
8000	9250	15106
8000	9500	18203.5
8000	9750	20815.2
8000	10000	23892.1
8000	10250	26779.1
8000	10500	33404.4
8000	10750	43853.1
8000	11000	55660.3
8000	11250	66124.7
8000	11500	72120
8000	11750	75608.2
8000	12000	81562.5
8000	12250	85877.5
8000	12500	90236.7
8000	12750	95707
8000	13000	100139
8000	13250	102637
8000	13500	101668
8000	13750	97732.7
8000	14000	91949.8
8000	14250	86138.6
8000	14500	80928
8000	14750	75039.7
8000	15000	71329.8
8000	15250	72831
8000	15500	81610.6
8000	15750	89739.6
8000	16000	93024.1
8000	16250	93443.3
8000	16500	91904.6
8000	16750	90780.7
8000	17000	90774.4
8000	17250	92021.6
8000	17500	92900.3
8000	17750	96089.5
8000	18000	97956.6
8000	18250	98012
8000	18500	97419
8000	18750	93895.4
8000	19000	90120.5
8000	19250	87542.1
8000	19500	85566.8
8000	19750	85434.8
8000	20000	84817.5
8000	20250	86957.6
8000	20500	89199
8000	20750	90002.8
8000	21000	88251.4
8000	21250	86154.1
8000	21500	84449
8000	21750	82182.8
8000	22000	82369.7
8000	22250	82722.4
8000	22500	84346
8000	22750	86889.4
8000	23000	89375.6
8000	23250	90829.1
8000	23500	90167.7
8000	23750	87817.4
8000	24000	85950
8000	24250	84012.6
8000	24500	82086.9
8000	24750	82160.6
8000	25000	81963.6
8000	25250	82525
8000	25500	83113.7
8000	25750	82110.2
8000	26000	80021.5
8000	26250	74969.7
8000	26500	70912.3
8000	26750	67914.2
8000	27000	66973.6
8000	27250	66340.2
8000	27500	66149.8
8000	27750	66315.1
8000	28000	65019.8
8000	28250	63517.9
8000	28500	61283.2
8000	28750	57943
8000	29000	53688.7
8000	29250	50956.5
8000	29500	48435.4
8000	29750	45497.3
8000	30000	45103.4
8000	30250	46337.6
8000	30500	49994.8
8000	30750	53340.2
8000	31000	54064.4
8000	31250	52626.6
8000	31500	49956.4
8000	31750	48942.5
8000	32000	48141.9
8000	32250	47601.7
8000	32500	47438.7
8000	32750	48852.8
8000	33000	50650.7
8000	33250	51181.2
8000	33500	49951.1
8000	33750	46863.6
8000	34000	41505.3
8000	34250	36736.3
8000	34500	32225.6
8000	34750	29152.5
8000	35000	27167.4
8000	35250	28341
8000	35500	31308.2
8000	35750	33637.7
8000	36000	33080.7
8000	36250	32339.5
8000	36500	30118.6
8000	36750	31244.5
8000	37000	34261.8
8000	37250	37764.9
8000	37500	42093.3
8000	37750	47071.1
8000	38000	51948.7
8000	38250	54680.3
8000	38500	54611.3
8000	38750	54549.9
8000	39000	54327.9
8000	39250	54550.7
8000	39500	55695.8
8000	39750	56203.2
8000	40000	57842.6
8000	40250	59454.7
8000	40500	61009.1
8000	40750	61735
8000	41000	62138.9
8000	41250	61446.3
8000	41500	60248.2
8000	41750	58139.8
8000	42000	58062.4
8000	42250	57661.7
8000	42500	58264
8000	42750	60213.3
8000	43000	61918.7
8000	43250	62255.5
8000	43500	61503
8000	43750	58987
8000	44000	56044.1
8000	44250	52546.7
8000	44500	49811.9
8000	44750	50472.6
8000	45000	53512
8000	45250	56576
8000	45500	60203.2
8000	45750	62205
8000	46000	63180.7
8000	46250	63209.7
8000	46500	63128.4
8000	46750	63194.7
8000	47000	63420.2
8000	47250	63911.8
8000	47500	65157.4
8000	47750	66114.1
8000	48000	67773.5
8000	48250	68289.1
8000	48500	67354.6
8000	48750	65661.6
8000	49000	62936
8000	49250	61355.7
8000	49500	61442.4
8000	49750	60047.4
8000	50000	59494.3
8000	50250	61164.6
8000	50500	62765
8000	50750	63748.2
8000	51000	63613.4
8000	51250	62459.1
8000	51500	61154.1
8000	51750	59600.8
8000	52000	58892.4
8000	52250	56917.2
8000	52500	57203
8000	52750	57827.8
8000	53000	58082.5
8000	53250	57045.7
8000	53500	55516.8
8000	53750	54411.5
8000	54000	54211.9
8000	54250	54628.2
8000	54500	55441.7
8000	54750	56465.8
8000	55000	58056.9
8000	55250	60344.4
8000	55500	62136.7
8000	55750	62931.6
8000	56000	62738
8000	56250	61540.5
8000	56500	60158.7
8000	56750	59745.8
8000	57000	59918.7
8000	57250	59791.7
8000	57500	60721.7
8000	57750	61890.1
8000	58000	62544.1
8000	58250	62202.8
8000	58500	61482.9
8000	58750	59553.7
8000	59000	57046.4
8000	59250	54129.2
8000	59500	51449.8
8000	59750	47871.5
8000	60000	44615.6
8000	60250	41694.3
8000	60500	36542.6
8000	60750	30185.3
8000	61000	24113.5
8000	61250	19545.3
8000	61500	15957.6
8000	61750	13204.1
8000	62000	11082.1
8000	62250	9273.59
8000	62500	7905.58
8000	62750	6889.66
8000	63000	6226.86
8000	63250	5599.86
8000	63500	5285.09
8000	63750	4920.34
8000	64000	4769.81
8000	64250	3998.21
8000	64500	4516.65
8000	64750	4287.85
8000	65000	3981.97
8000	65250	3941.37
8000	65500	3861.53
8000	65750	3746.85
8000	66000	3542.73
8000	66250	3524.93
8000	66500	3478.3
8000	66750	3454.67
8000	67000	3465.49
8000	67250	3358.09
8000	67500	3283.79
8000	67750	3304.07
8000	68000	3265.43
8000	68250	3194.78
8000	68500	3209.11
8000	68750	3238.96
8000	69000	3196.65
8000	69250	3197.64
8000	69500	3146.55
8000	69750	3100.49
8000	70000	3068.37
8000	70250	3083.79
8000	70500	3101.17
8000	70750	3084.65
8000	71000	3003.87
8000	71250	3047.58
8000	71500	3024.61
8000	71750	3078.45
8000	72000	3009.01
8000	72250	2946.73
8000	72500	3095.7
8000	72750	3119.05
8000	73000	3158.42
8000	73250	3106.84
8000	73500	2980.09
8000	73750	3133.12
8000	74000	2988.72
12000	0	3339.56
12000	250	3305.39
12000	500	3289.08
12000	750	3272.74
12000	1000	3457.07
12000	1250	3393.31
12000	1500	3453.13
12000	1750	3421.76
12000	2000	3361.49
12000	2250	3405.46
12000	2500	3377.87
12000	2750	3475.09
12000	3000	3017.91
12000	3250	2992.42
12000	3500	3083.77
12000	3750	3651.16
12000	4000	3099.34
12000	4250	3836.96
12000	4500	3902.36
12000	4750	3354.56
12000	5000	4056.3
12000	5250	4195.32
12000	5500	4347.85
12000	5750	4511.91
12000	6000	4083.37
12000	6250	4227.08
12000	6500	5116.12
12000	6750	5357.7
12000	7000	5940.72
12000	7250	6347.46
12000	7500	6897.63
12000	7750	7262.82
12000	8000	8063.48
12000	8250	8946.83
12000	8500	9276.21
12000	8750	10614.1
12000	9000	12516.7
12000	9250	13674.8
12000	9500	16740
12000	9750	19533.2
12000	10000	23369.4
12000	10250	27802
12000	10500	34908.5
12000	10750	43211.7
12000	11000	53068.7
12000	11250	62325.4
12000	11500	68178.1
12000	11750	71418
12000	12000	78949
12000	12250	82433.8
12000	12500	87873.2
12000	12750	93375.5
12000	13000	99467.7
12000	13250	102152
12000	13500	103974
12000	13750	102081
12000	14000	100279
12000	14250	98892.3
12000	14500	98942.1
12000	14750	99733.9
12000	15000	100263
12000	15250	102098
12000	15500	104073
12000	15750	105725
12000	16000	104199
12000	16250	101227
12000	16500	98342.9
12000	16750	95117
12000	17000	94622
12000	17250	95131.3
12000	17500	95809.2
12000	17750	98463.3
12000	18000	100289
12000	18250	102017
12000	18500	99905
12000	18750	97058.9
12000	19000	94507.7
12000	19250	91665.1
12000	19500	90631.3
12000	19750	90433.1
12000	20000	90460.4
12000	20250	91692.3
12000	20500	93911.8
12000	20750	92551.3
12000	21000	90563.1
12000	21250	87452.6
12000	21500	84422.7
12000	21750	81461.8
12000	22000	81149.5
12000	22250	80447.9
12000	22500	81101.9
12000	22750	83342.3
12000	23000	83643.8
12000	23250	84295.1
12000	23500	83524.4
12000	23750	81149.6
12000	24000	79370.1
12000	24250	76191.1
12000	24500	74630.1
12000	24750	71375.6
12000	25000	69584.6
12000	25250	69323.2
12000	25500	66471.2
12000	25750	60941
12000	26000	53212
12000	26250	43101.3
12000	26500	32997.3
12000	26750	22387.7
12000	27000	15239.6
12000	27250	11893.7
12000	27500	9420.2
12000	27750	7092.54
12000	28000	7198.48
12000	28250	7585.46
12000	28500	8990.11
12000	28750	10294.4
12000	29000	10951.8
12000	29250	10447.9
12000	29500	12155.3
12000	29750	13420.1
12000	30000	14299.8
12000	30250	14786.2
12000	30500	14854.9
12000	30750	14251.3
12000	31000	13398.2
12000	31250	12798.5
12000	31500	12108.1
12000	31750	11524.6
12000	32000	10837.9
12000	32250	10849.9
12000	32500	11702.6
12000	32750	14040.8
12000	33000	15843
12000	33250	16626.3
12000	33500	17296.6
12000	33750	17660.4
12000	34000	17213.5
12000	34250	18263
12000	34500	19010.2
12000	34750	19332.5
12000	35000	19626
12000	35250	19045.5
12000	35500	19197.1
12000	35750	17611.3
12000	36000	16963.4
12000	36250	16379.4
12000	36500	16363.3
12000	36750	18311.5
12000	37000	22061.9
12000	37250	27338.8
12000	37500	33103
12000	37750	38565.4
12000	38000	43332.5
12000	38250	46785
12000	38500	49100.3
12000	38750	48227.2
12000	39000	47709.2
12000	39250	46560.2
12000	39500	49036.7
12000	39750	50931.6
12000	40000	52710.8
12000	40250	53896.5
12000	40500	54880.9
12000	40750	54118.8
12000	41000	51160.6
12000	41250	45854.1
12000	41500	39064.7
12000	41750	36011.2
12000	42000	39641.2
12000	42250	45867
12000	42500	51624.1
12000	42750	56412.6
12000	43000	59897.9
12000	43250	62141.3
12000	43500	63447.1
12000	43750	63337.1
12000	44000	63329
12000	44250	63422.5
12000	44500	63840.3
12000	44750	64056.1
12000	45000	64574.4
12000	45250	65679.3
12000	45500	66073.7
12000	45750	65596
12000	46000	64112.1
12000	46250	60899.5
12000	46500	57315.6
12000	46750	54808.4
12000	47000	53689.6
12000	47250	51779.6
12000	47500	51274.5
12000	47750	51350.1
12000	48000	51064.1
12000	48250	49760.5
12000	48500	47808.9
12000	48750	44176.5
12000	49000	41641.3
12000	49250	38992.9
12000	49500	36954.5
12000	49750	33906.2
12000	50000	33416
12000	50250	33682.1
12000	50500	34905.3
12000	50750	35848.4
12000	51000	35370.1
12000	51250	34569.1
12000	51500	32403.1
12000	51750	31289.8
12000	52000	31567.3
12000	52250	32772.2
12000	52500	34833.3
12000	52750	36923.6
12000	53000	40046.5
12000	53250	41685.7
12000	53500	41971.8
12000	53750	41687.7
12000	54000	41118.5
12000	54250	40355.2
12000	54500	41033.8
12000	54750	42442.5
12000	55000	44642.8
12000	55250	47188.3
12000	55500	48348.1
12000	55750	49771.7
12000	56000	49533
12000	56250	48725.3
12000	56500	48831.5
12000	56750	49082
12000	57000	51121
12000	57250	52649.7
12000	57500	54202.1
12000	57750	57154.1
12000	58000	59214.2
12000	58250	59578.6
12000	58500	58725.7
12000	58750	56431.4
12000	59000	53570.9
12000	59250	50359.9
12000	59500	50841.2
12000	59750	45201.3
12000	60000	42226
12000	60250	39207
12000	60500	34500.8
12000	60750	28259.5
12000	61000	22917.2
12000	61250	19219.2
12000	61500	16339.3
12000	61750	13814
12000	62000	11961.3
12000	62250	10488.3
12000	62500	9315.71
12000	62750	8359.91
12000	63000	7643.47
12000	63250	7056.34
12000	63500	6598.03
12000	63750	6155.02
12000	64000	5689.18
12000	64250	5353.75
12000	64500	4452.46
12000	64750	4694.38
12000	65000	4469.59
12000	65250	4377.33
12000	65500	4155.1
12000	65750	4028.45
12000	66000	3305.79
12000	66250	3170.73
12000	66500	3575.02
12000	66750	2958.6
12000	67000	3372.85
12000	67250	3370.2
12000	67500	3405.13
12000	67750	3307.12
12000	68000	3236.93
12000	68250	3304.42
12000	68500	3232.18
12000	68750	3311.07
12000	69000	3171.22
12000	69250	3207.89
12000	69500	3236.76
12000	69750	3321.58
12000	70000	3224.98
12000	70250	3196.32
12000	70500	3205.39
12000	70750	3188.42
12000	71000	3266.61
12000	71250	3264.82
12000	71500	3325.99
12000	71750	2639.09
12000	72000	3248.72
12000	72250	3175.82
12000	72500	3187.22
12000	72750	3144.51
12000	73000	3092.16
12000	73250	3172.86
12000	73500	3121.42
12000	73750	3120.07
12000	74000	3141.59
16000	0	3321.33
16000	250	3418.54
16000	500	2754.7
16000	750	3419.99
16000	1000	3393.72
16000	1250	3303.23
16000	1500	3418.06
16000	1750	3424.35
16000	2000	3425.65
16000	2250	3457.39
16000	2500	3582.47
16000	2750	3512.31
16000	3000	3678.64
16000	3250	3036.54
16000	3500	3062.96
16000	3750	3084.02
16000	4000	3792.76
16000	4250	3186.25
16000	4500	3232.97
16000	4750	3911.34
16000	5000	3989.37
16000	5250	3540.44
16000	5500	3731.6
16000	5750	3853.3
16000	6000	4591.18
16000	6250	4960.26
16000	6500	5065.48
16000	6750	5458.89
16000	7000	5249.76
16000	7250	6246.53
16000	7500	6667.93
16000	7750	7188.4
16000	8000	7845.25
16000	8250	8672.09
16000	8500	9708.25
16000	8750	10895.7
16000	9000	12309
16000	9250	14188.1
16000	9500	16436.3
16000	9750	19301.2
16000	10000	22255.5
16000	10250	27376
16000	10500	32480
16000	10750	39657.5
16000	11000	47559
16000	11250	53875.6
16000	11500	57545.5
16000	11750	60616.4
16000	12000	65044.6
16000	12250	69717.7
16000	12500	75049.9
16000	12750	80989.5
16000	13000	87596.4
16000	13250	91501.2
16000	13500	93316.7
16000	13750	94019.1
16000	14000	93069.2
16000	14250	93212.8
16000	14500	94715.4
16000	14750	96209.3
16000	15000	98600.2
16000	15250	100965
16000	15500	103796
16000	15750	104768
16000	16000	102657
16000	16250	99707.9
16000	16500	96970.5
16000	16750	93863.7
16000	17000	93545.6
16000	17250	93675.7
16000	17500	95227.5
16000	17750	97411.5
16000	18000	99211.6
16000	18250	100656
16000	18500	98579.1
16000	18750	97398.9
16000	19000	94325.8
16000	19250	91297.6
16000	19500	91280.6
16000	19750	90823.6
16000	20000	91636.1
16000	20250	93042.1
16000	20500	94269.5
16000	20750	93953.3
16000	21000	92666.8
16000	21250	88863.6
16000	21500	86403.2
16000	21750	83651
16000	22000	82066.8
16000	22250	81153.9
16000	22500	79381.1
16000	22750	78569.8
16000	23000	78299.3
16000	23250	73709.7
16000	23500	68550.9
16000	23750	60611.3
16000	24000	53118
16000	24250	49636.1
16000	24500	45552.5
16000	24750	40942.5
16000	25000	36453.2
16000	25250	32018.2
16000	25500	30807
16000	25750	32395.1
16000	26000	33032.5
16000	26250	31548.8
16000	26500	28382.9
16000	26750	24631.3
16000	27000	21203
16000	27250	18096
16000	27500	14512.5
16000	27750	11811.7
16000	28000	9902.43
16000	28250	9078.51
16000	28500	9058.76
16000	28750	8906.93
16000	29000	8296
16000	29250	7837.22
16000	29500	7661.04
16000	29750	7784.38
16000	30000	9221.69
16000	30250	12901.5
16000	30500	18539.4
16000	30750	24202.7
16000	31000	29025.5
16000	31250	32361.1
16000	31500	36410
16000	31750	39454.3
16000	32000	42899.7
16000	32250	44733.4
16000	32500	46240.4
16000	32750	47658.9
16000	33000	48508.6
16000	33250	47809.9
16000	33500	46815.7
16000	33750	44165.6
16000	34000	42397.1
16000	34250	40315.6
16000	34500	38015
16000	34750	35135.4
16000	35000	33306.7
16000	35250	31741.6
16000	35500	30636.1
16000	35750	30199.5
16000	36000	29157.3
16000	36250	28705.7
16000	36500	27890.7
16000	36750	27706.2
16000	37000	28192.9
16000	37250	27867.7
16000	37500	27214.2
16000	37750	27493.7
16000	38000	28400.3
16000	38250	30181.4
16000	38500	29791.9
16000	38750	27935.2
16000	39000	25446.3
16000	39250	24688.8
16000	39500	23933.7
16000	39750	26017
16000	40000	28122.3
16000	40250	31916.5
16000	40500	35429
16000	40750	37633.2
16000	41000	38239.5
16000	41250	36731.1
16000	41500	35969.9
16000	41750	33894.3
16000	42000	32201.2
16000	42250	32180.3
16000	42500	31918.7
16000	42750	32009.6
16000	43000	32243.2
16000	43250	32712
16000	43500	35122.7
16000	43750	35925.7
16000	44000	35615.1
16000	44250	34331.7
16000	44500	34751.4
16000	44750	34747.9
16000	45000	34196.4
16000	45250	34458.2
16000	45500	34497.8
16000	45750	34823.2
16000	46000	36331.6
16000	46250	36000.2
16000	46500	35558.7
16000	46750	36087.1
16000	47000	37846.1
16000	47250	38935.8
16000	47500	40239.3
16000	47750	42929.6
16000	48000	45458.4
16000	48250	46536.6
16000	48500	46368.8
16000	48750	44709
16000	49000	44227.4
16000	49250	43030.3
16000	49500	42182.5
16000	49750	41790.3
16000	50000	42422.3
16000	50250	43974.2
16000	50500	44587
16000	50750	44540.7
16000	51000	42456.6
16000	51250	39129.6
16000	51500	35473.5
16000	51750	33597.7
16000	52000	33992.1
16000	52250	35215.1
16000	52500	37267.4
16000	52750	40156
16000	53000	42607.4
16000	53250	44169.9
16000	53500	45038.7
16000	53750	44872.6
16000	54000	44294
16000	54250	44244.6
16000	54500	44615.4
16000	54750	45513
16000	55000	47941.7
16000	55250	51436.9
16000	55500	54541.7
16000	55750	56027.7
16000	56000	56733.5
16000	56250	56245.3
16000	56500	55134.5
16000	56750	55668.8
16000	57000	56748
16000	57250	56187.1
16000	57500	57092.6
16000	57750	59330.4
16000	58000	60261
16000	58250	59783.8
16000	58500	57996.3
16000	58750	55291.5
16000	59000	51579
16000	59250	49682.1
16000	59500	47607.4
16000	59750	45271.3
16000	60000	43672.1
16000	60250	41898.9
16000	60500	37670.6
16000	60750	32151.4
16000	61000	26661.4
16000	61250	22294.8
16000	61500	18419.1
16000	61750	15804.8
16000	62000	13082.4
16000	62250	11887.6
16000	62500	10731.3
16000	62750	9506.72
16000	63000	8598.26
16000	63250	7184.75
16000	63500	7191.29
16000	63750	5998.75
16000	64000	5992.24
16000	64250	5703.15
16000	64500	5277.11
16000	64750	4416.89
16000	65000	4705.19
16000	65250	3952.2
16000	65500	4339.3
16000	65750	3537.16
16000	66000	4021.71
16000	66250	3340.38
16000	66500	3277.42
16000	66750	3021.14
16000	67000	3541.49
16000	67250	4206.7
16000	67500	3547.48
16000	67750	3435.81
16000	68000	3347.64
16000	68250	3420.44
16000	68500	2742.6
16000	68750	3356.91
16000	69000	3266.03
16000	69250	3177.95
16000	69500	3245.67
16000	69750	3200.21
16000	70000	3167.56
16000	70250	3184.34
16000	70500	3243.55
16000	70750	2667.62
16000	71000	3388.16
16000	71250	2642.48
16000	71500	3178.7
16000	71750	3203.19
16000	72000	2555.57
16000	72250	2561.03
16000	72500	2489.2
16000	72750	3198.26
16000	73000	3117.25
16000	73250	3156.82
16000	73500	3185.92
16000	73750	3215.63
16000	74000	2484.27
20000	0	3343.11
20000	250	3373.29
20000	500	2755.4
20000	750	3387.84
20000	1000	3268.51
20000	1250	3379.82
20000	1500	2691.86
20000	1750	2810.65
20000	2000	3383.21
20000	2250	3404.64
20000	2500	3459.83
20000	2750	3416.04
20000	3000	3506.97
20000	3250	3547.05
20000	3500	3960.52
20000	3750	3537.31
20000	4000	3508.47
20000	4250	3748.45
20000	4500	3694.7
20000	4750	3815.71
20000	5000	3840.09
20000	5250	3913.31
20000	5500	4047.66
20000	5750	4185.24
20000	6000	4324.71
20000	6250	4531.29
20000	6500	6573.1
20000	6750	4973.72
20000	7000	5167.16
20000	7250	5400.98
20000	7500	5806.42
20000	7750	6301.04
20000	8000	6725.46
20000	8250	7399.36
20000	8500	8020.34
20000	8750	8335.8
20000	9000	10151.9
20000	9250	11838.1
20000	9500	14415.1
20000	9750	17654.9
20000	10000	21555.4
20000	10250	26648.5
20000	10500	32793.2
20000	10750	41397.9
20000	11000	51415.7
20000	11250	59590.6
20000	11500	65111
20000	11750	69107.7
20000	12000	73401.9
20000	12250	77638.1
20000	12500	82247.2
20000	12750	86918.8
20000	13000	91673.9
20000	13250	93578.7
20000	13500	93209.4
20000	13750	90471.1
20000	14000	87592.2
20000	14250	84087.2
20000	14500	85659.1
20000	14750	83051
20000	15000	84244.2
20000	15250	86632.5
20000	15500	88117.1
20000	15750	87104
20000	16000	85475.9
20000	16250	83559.5
20000	16500	81723.5
20000	16750	81521.8
20000	17000	83122.6
20000	17250	84376.2
20000	17500	85116.9
20000	17750	87987.6
20000	18000	90059.6
20000	18250	92086.4
20000	18500	92156.2
20000	18750	90033.3
20000	19000	87699.6
20000	19250	85561.6
20000	19500	84160
20000	19750	82699.3
20000	20000	82125.3
20000	20250	81830.5
20000	20500	80775.5
20000	20750	76981.1
20000	21000	72568.9
20000	21250	68378.5
20000	21500	62688.9
20000	21750	56893.7
20000	22000	52845
20000	22250	49048.3
20000	22500	49866.5
20000	22750	51596.1
20000	23000	53996.8
20000	23250	54465.7
20000	23500	52355
20000	23750	48102.1
20000	24000	42260
20000	24250	36270.2
20000	24500	30492.4
20000	24750	27355.5
20000	25000	26014.7
20000	25250	27953.7
20000	25500	31720.1
20000	25750	34810.6
20000	26000	37180.9
20000	26250	39229.7
20000	26500	41004.8
20000	26750	42531.6
20000	27000	44602.1
20000	27250	45936.7
20000	27500	47461.5
20000	27750	48721.7
20000	28000	48886.8
20000	28250	47299.1
20000	28500	43303.8
20000	28750	37597.7
20000	29000	30744.3
20000	29250	23727.6
20000	29500	16880.7
20000	29750	11402.8
20000	30000	8408.71
20000	30250	7832.98
20000	30500	8493.91
20000	30750	11068
20000	31000	15049.8
20000	31250	20479.2
20000	31500	26738.3
20000	31750	32082.5
20000	32000	36534.3
20000	32250	39200.6
20000	32500	40137.7
20000	32750	39374.5
20000	33000	36027.3
20000	33250	31854.4
20000	33500	30397.3
20000	33750	33684.4
20000	34000	37118.9
20000	34250	41597.5
20000	34500	45441.9
20000	34750	48598.1
20000	35000	51314.4
20000	35250	53571.1
20000	35500	54354.3
20000	35750	55072.2
20000	36000	54332.3
20000	36250	52208.6
20000	36500	51097
20000	36750	48851.1
20000	37000	46287.8
20000	37250	42990.8
20000	37500	40021.2
20000	37750	37466.3
20000	38000	33675.1
20000	38250	29112.5
20000	38500	25324.6
20000	38750	25367.6
20000	39000	29227.8
20000	39250	35411.7
20000	39500	42267.1
20000	39750	47229.3
20000	40000	52005.4
20000	40250	56335.1
20000	40500	60081
20000	40750	61886.2
20000	41000	62202.7
20000	41250	60982
20000	41500	59473.2
20000	41750	57842.9
20000	42000	56213.7
20000	42250	55571.1
20000	42500	54956.2
20000	42750	54806.3
20000	43000	54703.7
20000	43250	53956.9
20000	43500	52413.1
20000	43750	49902.5
20000	44000	46806.9
20000	44250	44239.4
20000	44500	42532.6
20000	44750	40766.4
20000	45000	39959.4
20000	45250	39664.8
20000	45500	38939
20000	45750	37438.2
20000	46000	35492.9
20000	46250	33030.6
20000	46500	29724.2
20000	46750	26105.8
20000	47000	22572.4
20000	47250	20641.3
20000	47500	22040.4
20000	47750	26279.6
20000	48000	30553.7
20000	48250	33585.1
20000	48500	35777.6
20000	48750	37639.1
20000	49000	39434
20000	49250	40629.1
20000	49500	42467.3
20000	49750	44055.7
20000	50000	46878.7
20000	50250	50326.3
20000	50500	52834.9
20000	50750	54499.8
20000	51000	54765.4
20000	51250	55032.1
20000	51500	56097.6
20000	51750	57082.1
20000	52000	58759.3
20000	52250	60110.1
20000	52500	61866
20000	52750	63978.4
20000	53000	65448.2
20000	53250	65859.3
20000	53500	65617.2
20000	53750	64387.9
20000	54000	63979.2
20000	54250	63286.1
20000	54500	62547
20000	54750	62839
20000	55000	63479.9
20000	55250	64565.5
20000	55500	64483.7
20000	55750	64567
20000	56000	63089.6
20000	56250	60773.9
20000	56500	58727.2
20000	56750	57859.2
20000	57000	57592.1
20000	57250	57916
20000	57500	58991.9
20000	57750	59345.4
20000	58000	59834.7
20000	58250	59482.8
20000	58500	56671.6
20000	58750	53050.5
20000	59000	49776
20000	59250	46950.7
20000	59500	43718
20000	59750	40425.4
20000	60000	39136.1
20000	60250	38106.1
20000	60500	34869.3
20000	60750	29988.2
20000	61000	25083.8
20000	61250	21127.7
20000	61500	17205.5
20000	61750	15142.6
20000	62000	13059.2
20000	62250	11246.1
20000	62500	9312.47
20000	62750	8965.37
20000	63000	8095.38
20000	63250	7375.72
20000	63500	6678.93
20000	63750	6319.98
20000	64000	5858.41
20000	64250	5524.5
20000	64500	5131.75
20000	64750	4866.18
20000	65000	4083.6
20000	65250	4496.07
20000	65500	4279.37
20000	65750	4099.97
20000	66000	3979.36
20000	66250	3857.17
20000	66500	3760.61
20000	66750	3768.88
20000	67000	3600.25
20000	67250	3505.59
20000	67500	3455.2
20000	67750	3412.93
20000	68000	3366.2
20000	68250	3442.3
20000	68500	3336.42
20000	68750	3230.9
20000	69000	3099.1
20000	69250	3200.7
20000	69500	3203.15
20000	69750	3301.86
20000	70000	2638.13
20000	70250	3110.48
20000	70500	3811.33
20000	70750	3254.42
20000	71000	3097.78
20000	71250	3109.58
20000	71500	3176
20000	71750	3293.41
20000	72000	3096.51
20000	72250	3205.86
20000	72500	3174.08
20000	72750	3114.58
20000	73000	3166.7
20000	73250	3134.82
20000	73500	3172.12
20000	73750	3264.09
20000	74000	3217.71
24000	0	3324.88
24000	250	3330.99
24000	500	3278.41
24000	750	3329.35
24000	1000	3358.27
24000	1250	3319.88
24000	1500	3347.88
24000	1750	3403.3
24000	2000	3392.49
24000	2250	3416.1
24000	2500	3319.03
24000	2750	3442.86
24000	3000	3522.77
24000	3250	3524.8
24000	3500	2998.07
24000	3750	3607.03
24000	4000	3037.23
24000	4250	3038.2
24000	4500	3668.33
24000	4750	3807.24
24000	5000	3832.94
24000	5250	4020.8
24000	5500	3914.45
24000	5750	3638.47
24000	6000	4253.36
24000	6250	4506.41
24000	6500	4686.22
24000	6750	5085.69
24000	7000	5242.33
24000	7250	5680.12
24000	7500	6160.23
24000	7750	6851.54
24000	8000	6855.99
24000	8250	8389.54
24000	8500	9421.39
24000	8750	10811.6
24000	9000	12549
24000	9250	14760.4
24000	9500	16851.6
24000	9750	20258.2
24000	10000	25176.6
24000	10250	30025
24000	10500	36973
24000	10750	45706.7
24000	11000	55514.2
24000	11250	64471.8
24000	11500	69613.3
24000	11750	72641.6
24000	12000	76981.1
24000	12250	79494.5
24000	12500	86983.4
24000	12750	92023.1
24000	13000	97695.4
24000	13250	100743
24000	13500	102032
24000	13750	99281.3
24000	14000	97084.3
24000	14250	95734.5
24000	14500	95897.9
24000	14750	95463.9
24000	15000	96087.7
24000	15250	97483
24000	15500	99395.5
24000	15750	99195.4
24000	16000	97788.6
24000	16250	95733.7
24000	16500	92799.5
24000	16750	90502
24000	17000	87947
24000	17250	86396.1
24000	17500	84486.2
24000	17750	83706.1
24000	18000	81771
24000	18250	76804
24000	18500	70061.5
24000	18750	63638.9
24000	19000	57196.7
24000	19250	51099.4
24000	19500	47048.9
24000	19750	44368.7
24000	20000	42471.3
24000	20250	41439.4
24000	20500	38230.8
24000	20750	34324.4
24000	21000	32948.5
24000	21250	35261
24000	21500	38769.2
24000	21750	42098.7
24000	22000	46057.9
24000	22250	50838.2
24000	22500	55674.7
24000	22750	61769.1
24000	23000	66411.2
24000	23250	68326.7
24000	23500	70036.1
24000	23750	68724.2
24000	24000	68345.3
24000	24250	67203.3
24000	24500	66919
24000	24750	64800.7
24000	25000	64888.6
24000	25250	63950.2
24000	25500	62124.3
24000	25750	58956.8
24000	26000	53660.7
24000	26250	46935.4
24000	26500	38979.5
24000	26750	32644.4
24000	27000	27797.1
24000	27250	25868
24000	27500	23902.1
24000	27750	22236.8
24000	28000	17165.5
24000	28250	12564
24000	28500	10136.7
24000	28750	7918.63
24000	29000	8127.3
24000	29250	7860.46
24000	29500	9199.71
24000	29750	11705.8
24000	30000	15554.1
24000	30250	19703.9
24000	30500	23763.6
24000	30750	25809.2
24000	31000	25489.7
24000	31250	24001.9
24000	31500	21285.2
24000	31750	18192.9
24000	32000	14711.3
24000	32250	12014.4
24000	32500	10956.3
24000	32750	12653.3
24000	33000	17183.3
24000	33250	20931.7
24000	33500	24931.7
24000	33750	27737.8
24000	34000	30606.4
24000	34250	34019.6
24000	34500	36816.2
24000	34750	37481.7
24000	35000	38000.6
24000	35250	37837
24000	35500	36045.3
24000	35750	32714.7
24000	36000	27909.2
24000	36250	23019.5
24000	36500	18231.2
24000	36750	18881.7
24000	37000	21465
24000	37250	25836.8
24000	37500	31057.7
24000	37750	36652.7
24000	38000	41794.2
24000	38250	44636.1
24000	38500	46738.6
24000	38750	47068.1
24000	39000	46825.4
24000	39250	46571.9
24000	39500	46006.2
24000	39750	46091.9
24000	40000	45561.4
24000	40250	45991.8
24000	40500	46514.1
24000	40750	47275.7
24000	41000	46849.7
24000	41250	46922.7
24000	41500	45229.3
24000	41750	44031.3
24000	42000	44010.1
24000	42250	43345.3
24000	42500	43276.8
24000	42750	44924.5
24000	43000	46642
24000	43250	48313.1
24000	43500	47944.1
24000	43750	45873.1
24000	44000	44789.8
24000	44250	44512.1
24000	44500	45132.8
24000	44750	46789.4
24000	45000	47879.9
24000	45250	50141.7
24000	45500	52712.1
24000	45750	53239.4
24000	46000	53591.4
24000	46250	53213.3
24000	46500	52905.3
24000	46750	53144.3
24000	47000	54079.4
24000	47250	54945.1
24000	47500	57294.1
24000	47750	59267.9
24000	48000	60917.8
24000	48250	62095.7
24000	48500	61799.3
24000	48750	61070.8
24000	49000	60337.5
24000	49250	60153.7
24000	49500	60891.4
24000	49750	61046.3
24000	50000	62005.2
24000	50250	63616.9
24000	50500	64862.7
24000	50750	65096.1
24000	51000	64028.5
24000	51250	62055
24000	51500	60245.9
24000	51750	58940.1
24000	52000	57529.2
24000	52250	55506.5
24000	52500	55372.2
24000	52750	57110.5
24000	53000	59357.8
24000	53250	60480.7
24000	53500	60143.5
24000	53750	58654.8
24000	54000	57504.8
24000	54250	56305.4
24000	54500	55705.6
24000	54750	54653.4
24000	55000	55461.2
24000	55250	54664.5
24000	55500	54341.5
24000	55750	53968.6
24000	56000	53071.8
24000	56250	51444.8
24000	56500	50577.4
24000	56750	50303.5
24000	57000	51263.3
24000	57250	50648.6
24000	57500	52287.4
24000	57750	53945.7
24000	58000	55336.6
24000	58250	55690
24000	58500	55345.6
24000	58750	53820.6
24000	59000	51723.7
24000	59250	49780.1
24000	59500	48192.7
24000	59750	44687.4
24000	60000	42932.9
24000	60250	40263.1
24000	60500	35562.2
24000	60750	30340.6
24000	61000	24477.8
24000	61250	20467.1
24000	61500	17014.7
24000	61750	14273.6
24000	62000	12698.1
24000	62250	10424.9
24000	62500	9572.05
24000	62750	8564.03
24000	63000	7124.24
24000	63250	6476.62
24000	63500	5910.78
24000	63750	5991.76
24000	64000	4983.5
24000	64250	5321.37
24000	64500	5049.02
24000	64750	4814.56
24000	65000	4560.56
24000	65250	4475.64
24000	65500	3643.67
24000	65750	4132.31
24000	66000	3480.58
24000	66250	4010.05
24000	66500	3778.55
24000	66750	3704.22
24000	67000	3553.04
24000	67250	3515.97
24000	67500	3563.06
24000	67750	3450.42
24000	68000	3395.74
24000	68250	2821.92
24000	68500	2772.07
24000	68750	2690.18
24000	69000	2840.04
24000	69250	3279.64
24000	69500	3304.57
24000	69750	3265.47
24000	70000	3200.72
24000	70250	3191.67
24000	70500	3172.93
24000	70750	3096.02
24000	71000	3160.4
24000	71250	2613.39
24000	71500	3181.45
24000	71750	3223.33
24000	72000	3150.01
24000	72250	3164.4
24000	72500	3155.95
24000	72750	3157.44
24000	73000	2477.36
24000	73250	3160.12
24000	73500	2534.27
24000	73750	2540.23
24000	74000	3148.97
28000	0	2693.25
28000	250	3296.59
28000	500	3315.24
28000	750	2769.4
28000	1000	3380.4
28000	1250	3425.73
28000	1500	3374.1
28000	1750	3363.9
28000	2000	3373.4
28000	2250	3478.61
28000	2500	3518.4
28000	2750	3521.25
28000	3000	3500.64
28000	3250	3560.21
28000	3500	3603.14
28000	3750	3655.49
28000	4000	3733.71
28000	4250	3162.12
28000	4500	3921.27
28000	4750	4004.31
28000	5000	4064.55
28000	5250	4265.74
28000	5500	4319.2
28000	5750	4575.31
28000	6000	4811.64
28000	6250	4435.12
28000	6500	4773.56
28000	6750	5809.29
28000	7000	6218.13
28000	7250	6748.37
28000	7500	7364.82
28000	7750	8260.87
28000	8000	8599.42
28000	8250	10339.2
28000	8500	11604.7
28000	8750	12702.5
28000	9000	14762.4
28000	9250	17140.9
28000	9500	20866.8
28000	9750	24534.6
28000	10000	29086.8
28000	10250	34718.6
28000	10500	41434.8
28000	10750	50834.6
28000	11000	60785.6
28000	11250	72925
28000	11500	73760
28000	11750	77938.4
28000	12000	82308.4
28000	12250	86710.9
28000	12500	90703.4
28000	12750	96303.4
28000	13000	99923.6
28000	13250	102485
28000	13500	102099
28000	13750	99084.5
28000	14000	95974.3
28000	14250	94270.1
28000	14500	93821.9
28000	14750	94051.4
28000	15000	95115.5
28000	15250	95436.5
28000	15500	96931.5
28000	15750	96851.8
28000	16000	94592.8
28000	16250	90277.6
28000	16500	87393.1
28000	16750	83479.6
28000	17000	81947.1
28000	17250	80323.5
28000	17500	80268.6
28000	17750	82172.4
28000	18000	85219.2
28000	18250	87198.7
28000	18500	86825.6
28000	18750	86155.7
28000	19000	84198.9
28000	19250	83560.1
28000	19500	82891
28000	19750	82656
28000	20000	82892.5
28000	20250	84157.3
28000	20500	85470.4
28000	20750	85483.2
28000	21000	83605.9
28000	21250	80400.4
28000	21500	76758.1
28000	21750	72905.2
28000	22000	69502.9
28000	22250	65389.4
28000	22500	62648.2
28000	22750	59974.3
28000	23000	56670.6
28000	23250	55479.8
28000	23500	56462.8
28000	23750	57895.1
28000	24000	59352.9
28000	24250	60766.7
28000	24500	63512.4
28000	24750	65255.6
28000	25000	68221.1
28000	25250	70370.7
28000	25500	72316.7
28000	25750	73224
28000	26000	72487.2
28000	26250	70844.3
28000	26500	69865.3
28000	26750	67670
28000	27000	66656.2
28000	27250	64671
28000	27500	63373.4
28000	27750	62101.3
28000	28000	60144.8
28000	28250	56867
28000	28500	52472.6
28000	28750	46242.5
28000	29000	40386.1
28000	29250	35483.1
28000	29500	31196.9
28000	29750	26755.5
28000	30000	22575.3
28000	30250	18718.5
28000	30500	14109.2
28000	30750	10922.2
28000	31000	10843.5
28000	31250	13705.4
28000	31500	17926.3
28000	31750	21730.5
28000	32000	24281
28000	32250	25247.6
28000	32500	25855.7
28000	32750	27343.6
28000	33000	27806.6
28000	33250	28302.8
28000	33500	28134.4
28000	33750	27572.9
28000	34000	28245.9
28000	34250	28628.6
28000	34500	28584.3
28000	34750	28876.5
28000	35000	28973.1
28000	35250	31334.9
28000	35500	33636.4
28000	35750	37380.4
28000	36000	41021
28000	36250	42613.1
28000	36500	43741.9
28000	36750	44931.1
28000	37000	46683.7
28000	37250	46614.2
28000	37500	47342.5
28000	37750	48664.3
28000	38000	47868.6
28000	38250	47149
28000	38500	43961.4
28000	38750	40863.5
28000	39000	37886.1
28000	39250	35551.9
28000	39500	34062.3
28000	39750	32974.3
28000	40000	33087.7
28000	40250	35262.7
28000	40500	36423.6
28000	40750	36273.1
28000	41000	36579.3
28000	41250	34724.2
28000	41500	33382.1
28000	41750	33000.3
28000	42000	32982.8
28000	42250	32660.9
28000	42500	34364.8
28000	42750	36113.1
28000	43000	37824.8
28000	43250	39412.9
28000	43500	40284.6
28000	43750	40404.8
28000	44000	40361.5
28000	44250	40290
28000	44500	42232.6
28000	44750	43683.6
28000	45000	45365.2
28000	45250	48275.8
28000	45500	51063.2
28000	45750	53102.1
28000	46000	54160.2
28000	46250	55021.1
28000	46500	54432.4
28000	46750	54449
28000	47000	54891.5
28000	47250	53308.6
28000	47500	54165.5
28000	47750	53974.7
28000	48000	56514
28000	48250	57692.9
28000	48500	58967.9
28000	48750	58181.5
28000	49000	58605.7
28000	49250	58004.8
28000	49500	58800.3
28000	49750	58498.6
28000	50000	59254.9
28000	50250	60296.9
28000	50500	60421.5
28000	50750	60138.3
28000	51000	58597.2
28000	51250	55984.2
28000	51500	53696.6
28000	51750	51820.9
28000	52000	52186.7
28000	52250	46382.9
28000	52500	45826.7
28000	52750	45348.1
28000	53000	44595.5
28000	53250	41255.2
28000	53500	37382.9
28000	53750	32342.9
28000	54000	28847.1
28000	54250	27299.6
28000	54500	27588.5
28000	54750	27741.1
28000	55000	28741.1
28000	55250	29822.1
28000	55500	29187
28000	55750	28642.7
28000	56000	27393.1
28000	56250	26161.4
28000	56500	26985.5
28000	56750	28325.3
28000	57000	29708.4
28000	57250	32955.5
28000	57500	36315.8
28000	57750	40207.3
28000	58000	43787.4
28000	58250	45400.9
28000	58500	45079
28000	58750	43515.1
28000	59000	42064.2
28000	59250	41239.2
28000	59500	40235.4
28000	59750	38188.6
28000	60000	37716.4
28000	60250	36152.2
28000	60500	32402.7
28000	60750	27639.9
28000	61000	22467.9
28000	61250	18772.2
28000	61500	15744.7
28000	61750	13145
28000	62000	11106.5
28000	62250	9674.99
28000	62500	9189.55
28000	62750	7610.98
28000	63000	6860.74
28000	63250	6190.88
28000	63500	5604.16
28000	63750	5167.65
28000	64000	5410.64
28000	64250	5205.2
28000	64500	4164.45
28000	64750	3957.64
28000	65000	4268.56
28000	65250	4207.75
28000	65500	3488.84
28000	65750	3980.8
28000	66000	3291.24
28000	66250	3173.96
28000	66500	3707.33
28000	66750	3121.27
28000	67000	2878.48
28000	67250	3491.35
28000	67500	3425.91
28000	67750	2810.71
28000	68000	2835.23
28000	68250	3416.95
28000	68500	3325.67
28000	68750	3314.82
28000	69000	2715.15
28000	69250	2587.74
28000	69500	3309.17
28000	69750	3286.74
28000	70000	2627.72
28000	70250	3361.16
28000	70500	3848.99
28000	70750	2764.86
28000	71000	2677.32
28000	71250	2556.01
28000	71500	2678.35
28000	71750	2632.22
28000	72000	2581.9
28000	72250	2712.68
28000	72500	2678.94
28000	72750	2593.48
28000	73000	2638.51
28000	73250	2533.5
28000	73500	3236.85
28000	73750	3164
28000	74000	3139.39
32000	0	2785.14
32000	250	2761.96
32000	500	2737.32
32000	750	3290.62
32000	1000	3336.07
32000	1250	2702.99
32000	1500	2714.68
32000	1750	2743.34
32000	2000	2743.59
32000	2250	2827.68
32000	2500	3317.64
32000	2750	2740.1
32000	3000	3467.66
32000	3250	3556.33
32000	3500	3597.83
32000	3750	2959.63
32000	4000	2903.95
32000	4250	3697.58
32000	4500	3122.87
32000	4750	3774.77
32000	5000	3266.26
32000	5250	3441.79
32000	5500	3471.05
32000	5750	4358.43
32000	6000	4612.98
32000	6250	4212.64
32000	6500	4474.02
32000	6750	4810.38
32000	7000	5228.52
32000	7250	6347.08
32000	7500	6352.61
32000	7750	7027.55
32000	8000	8592.16
32000	8250	9566.82
32000	8500	10735.2
32000	8750	11657.4
32000	9000	13260
32000	9250	16337.3
32000	9500	18355.5
32000	9750	21648.8
32000	10000	25735.9
32000	10250	31143.7
32000	10500	38763.8
32000	10750	47659.9
32000	11000	57512.5
32000	11250	64719.7
32000	11500	69814.2
32000	11750	72906.8
32000	12000	76801.8
32000	12250	79934.2
32000	12500	84195.4
32000	12750	87516.9
32000	13000	91069.4
32000	13250	92141.1
32000	13500	91298.7
32000	13750	88329.8
32000	14000	84223.1
32000	14250	81487.3
32000	14500	82077.5
32000	14750	82649.6
32000	15000	85114.2
32000	15250	88013.6
32000	15500	90514.5
32000	15750	92013.7
32000	16000	91679.4
32000	16250	89788.6
32000	16500	86901.1
32000	16750	84639.3
32000	17000	84743.8
32000	17250	84689.2
32000	17500	86407.9
32000	17750	89173.1
32000	18000	91137.3
32000	18250	92000.3
32000	18500	91331.3
32000	18750	88865.1
32000	19000	85824.6
32000	19250	84287.5
32000	19500	83426
32000	19750	83184.9
32000	20000	84942.9
32000	20250	87290.1
32000	20500	89498.3
32000	20750	90932.5
32000	21000	89501.5
32000	21250	87919.4
32000	21500	85597.2
32000	21750	84192.6
32000	22000	84364.8
32000	22250	82990.6
32000	22500	83935
32000	22750	85993.5
32000	23000	87178.7
32000	23250	87878.8
32000	23500	86440.8
32000	23750	83689
32000	24000	81513.8
32000	24250	79506.5
32000	24500	78269.5
32000	24750	77219.6
32000	25000	76108.9
32000	25250	75916
32000	25500	76814.9
32000	25750	74893.3
32000	26000	72039.8
32000	26250	66167.8
32000	26500	59969
32000	26750	53335.7
32000	27000	47155.7
32000	27250	41176.5
32000	27500	35869.8
32000	27750	33927.7
32000	28000	35023.5
32000	28250	37691.7
32000	28500	39954.3
32000	28750	40967.6
32000	29000	42235.4
32000	29250	43670.5
32000	29500	46600.7
32000	29750	48128.6
32000	30000	50716.7
32000	30250	53722.8
32000	30500	56732.9
32000	30750	58479.5
32000	31000	59682.2
32000	31250	58944.9
32000	31500	58977.4
32000	31750	59864.9
32000	32000	60040.2
32000	32250	60105.1
32000	32500	60953.6
32000	32750	61968.3
32000	33000	62304.2
32000	33250	61688.4
32000	33500	60218.6
32000	33750	56962.1
32000	34000	54093.3
32000	34250	51222.4
32000	34500	49026.9
32000	34750	47012.8
32000	35000	47026.9
32000	35250	45835.8
32000	35500	44400.1
32000	35750	42103.4
32000	36000	39356.6
32000	36250	36560.8
32000	36500	34473.9
32000	36750	32728
32000	37000	31048.1
32000	37250	29622
32000	37500	29304.7
32000	37750	28893.1
32000	38000	27858.1
32000	38250	25481
32000	38500	22279.2
32000	38750	21763.4
32000	39000	22864.7
32000	39250	24252.2
32000	39500	26349.8
32000	39750	27723.7
32000	40000	31410.1
32000	40250	38625.8
32000	40500	45213.1
32000	40750	49741.3
32000	41000	52378.8
32000	41250	52444.5
32000	41500	53017.9
32000	41750	54314.7
32000	42000	54821.2
32000	42250	55245.5
32000	42500	56439.3
32000	42750	58243.2
32000	43000	59121.8
32000	43250	59132.1
32000	43500	58595.3
32000	43750	57850.5
32000	44000	56336.9
32000	44250	56272.3
32000	44500	56918.6
32000	44750	56928.7
32000	45000	58570.8
32000	45250	58946.6
32000	45500	59978.8
32000	45750	61259.4
32000	46000	60094.1
32000	46250	59107.3
32000	46500	58145.1
32000	46750	57709.5
32000	47000	56836.3
32000	47250	56239.8
32000	47500	55864.4
32000	47750	56108.2
32000	48000	55541.1
32000	48250	54508.8
32000	48500	52853.9
32000	48750	49566.7
32000	49000	46683.3
32000	49250	44026.5
32000	49500	41228.1
32000	49750	39039
32000	50000	38859.1
32000	50250	37856.2
32000	50500	37621.9
32000	50750	35294.1
32000	51000	33497.8
32000	51250	29573.9
32000	51500	27107.2
32000	51750	24112.4
32000	52000	23690.3
32000	52250	24905.5
32000	52500	28011.7
32000	52750	32352
32000	53000	35168.6
32000	53250	37381.8
32000	53500	39286.6
32000	53750	39141
32000	54000	38793.5
32000	54250	39645.3
32000	54500	40142.5
32000	54750	40141.7
32000	55000	40094.3
32000	55250	41036.8
32000	55500	41613
32000	55750	42017.4
32000	56000	41139.2
32000	56250	40014.1
32000	56500	39603.8
32000	56750	39600.1
32000	57000	41351.5
32000	57250	43874.3
32000	57500	45979.4
32000	57750	49067.7
32000	58000	51381.7
32000	58250	52193.6
32000	58500	52652.6
32000	58750	50062.8
32000	59000	48355.9
32000	59250	46553.9
32000	59500	44497.4
32000	59750	42433.9
32000	60000	39845.4
32000	60250	37931.9
32000	60500	33947.7
32000	60750	29065.1
32000	61000	24341.8
32000	61250	20465.4
32000	61500	17775.4
32000	61750	14542.3
32000	62000	12394.2
32000	62250	11450.8
32000	62500	9895.87
32000	62750	8841.58
32000	63000	7858.79
32000	63250	7074.22
32000	63500	6452.05
32000	63750	7907.54
32000	64000	5629.09
32000	64250	4517.51
32000	64500	4986.7
32000	64750	4701.8
32000	65000	3842.52
32000	65250	3560.1
32000	65500	4138.8
32000	65750	4072.29
32000	66000	3265.07
32000	66250	3805.17
32000	66500	3781.71
32000	66750	2996.57
32000	67000	3514.8
32000	67250	3549.37
32000	67500	2744.25
32000	67750	2777.45
32000	68000	3331.6
32000	68250	2754.48
32000	68500	2697.45
32000	68750	2755.06
32000	69000	2668.31
32000	69250	3296.44
32000	69500	2704.21
32000	69750	3238.29
32000	70000	2642.84
32000	70250	3199.03
32000	70500	3260.13
32000	70750	3279.27
32000	71000	3152.87
32000	71250	3244.72
32000	71500	2581.94
32000	71750	3261.86
32000	72000	2534.78
32000	72250	3104.71
32000	72500	3198.73
32000	72750	2578.86
32000	73000	3184.68
32000	73250	3084.73
32000	73500	3212.38
32000	73750	2559.8
32000	74000	2514.3
